JJ's Place,27
